89 , 1
80 , 1
84 , 1
83 , 1
84 , 2
84 , 3
78 , 1
76 , 1
77 , 1
76 , 2
73 , 1
78 , 2
76 , 3
75 , 3
70 , 1
67 , 1
66 , 1
65 , 1
60 , 1
64 , 1
66 , 2
44 , 1
48 , 1
51 , 1
51 , 2
51 , 3
53 , 1
56 , 1
55 , 1
51 , 4
33 , 1
35 , 1
33 , 2
34 , 2
39 , 1
34 , 3
33 , 3
30 , 1
28 , 1
25 , 1
25 , 2
29 , 1
25 , 3
26 , 3
21 , 1
24 , 3
19 , 1
5 , 1
11 , 1
14 , 1
15 , 1
15 , 2
16 , 2
17 , 2
14 , 2
18 , 2
22 , 1
22 , 2
22 , 3
26 , 4
28 , 2
25 , 4
29 , 2
30 , 2
30 , 3
32 , 3
23 , 3
20 , 1
17 , 3
18 , 3
19 , 3
25 , 5
23 , 4
21 , 3
15 , 3
19 , 4
23 , 5
13 , 2
14 , 3
16 , 3
15 , 4
20 , 4
22 , 5
20 , 5
18 , 4
17 , 4
19 , 5
22 , 6
18 , 5
20 , 6
24 , 5
27 , 4
31 , 3
28 , 4
29 , 4
33 , 4
30 , 4
31 , 4
26 , 5
22 , 7
23 , 7
25 , 6
20 , 7
9 , 1
49 , 1
45 , 1
42 , 1
41 , 1
43 , 1
95 , 1
112 , 1
108 , 1
107 , 1
110 , 1
114 , 1
117 , 1
117 , 2
130 , 1
131 , 1
125 , 1
127 , 1
126 , 1
126 , 2
124 , 1
139 , 1
142 , 1
144 , 1
143 , 1
140 , 1
138 , 1
144 , 2
146 , 1
147 , 1
149 , 1
147 , 2
149 , 2
153 , 1
147 , 3
106 , 1
104 , 1
101 , 1
98 , 1
96 , 1
98 , 2
101 , 2
100 , 2
100 , 3
96 , 2
97 , 2
93 , 1
90 , 1
88 , 1
85 , 3
78 , 3
83 , 3
87 , 1
89 , 2
25 , 7
26 , 7
24 , 7
22 , 8
17 , 5
17 , 6
18 , 6
17 , 7
20 , 8
20 , 9
11 , 2
13 , 3
13 , 4
15 , 5
16 , 7
15 , 7
29 , 5
32 , 4
29 , 6
32 , 5
41 , 2
42 , 2
38 , 1
40 , 2
11 , 3
13 , 5
11 , 4
10 , 4
10 , 5
13 , 6
15 , 8
23 , 8
20 , 10
20 , 11
20 , 12
25 , 8
21 , 12
19 , 12
13 , 7
16 , 8
2 , 1
6 , 1
7 , 1
7 , 2
7 , 3
8 , 3
11 , 5
14 , 8
3 , 1
2 , 2
1 , 2
3 , 2
2 , 3
6 , 3
8 , 4
6 , 4
13 , 8
14 , 9
16 , 9
24 , 8
26 , 8
22 , 12
20 , 13
24 , 9
40 , 3
40 , 4
53 , 2
55 , 2
52 , 4
52 , 5
56 , 2
56 , 3
70 , 2
64 , 2
56 , 4
53 , 5
56 , 5
68 , 1
66 , 3
67 , 3
65 , 3
56 , 6
58 , 1
90 , 2
88 , 2
90 , 3
90 , 4
100 , 4
94 , 1
96 , 3
101 , 4
97 , 3
88 , 3
88 , 4
84 , 4
84 , 5
87 , 4
88 , 5
85 , 5
87 , 5
86 , 5
88 , 6
83 , 5
62 , 1
58 , 2
51 , 5
104 , 2
106 , 2
101 , 5
97 , 4
93 , 2
108 , 2
107 , 2
51 , 6
54 , 5
57 , 6
87 , 6
94 , 2
97 , 5
195 , 1
198 , 1
197 , 1
192 , 1
192 , 2
186 , 1
190 , 1
191 , 2
192 , 3
198 , 2
198 , 3
179 , 1
169 , 1
168 , 1
165 , 1
163 , 1
154 , 1
152 , 1
144 , 3
142 , 2
134 , 1
135 , 1
138 , 2
138 , 3
147 , 4
149 , 3
152 , 2
150 , 3
148 , 4
192 , 4
191 , 4
176 , 1
183 , 1
187 , 1
179 , 2
177 , 1
174 , 1
175 , 1
173 , 1
171 , 1
174 , 2
180 , 2
179 , 3
180 , 3
179 , 4
170 , 1
168 , 2
165 , 2
166 , 2
172 , 1
170 , 2
167 , 2
165 , 3
165 , 4
168 , 3
170 , 3
181 , 3
197 , 3
191 , 5
191 , 6
186 , 2
174 , 3
171 , 3
173 , 3
168 , 4
173 , 4
174 , 4
159 , 1
124 , 2
107 , 3
105 , 2
108 , 3
106 , 3
108 , 4
108 , 5
125 , 2
127 , 2
124 , 3
126 , 3
123 , 3
125 , 3
104 , 3
105 , 3
117 , 3
108 , 6
115 , 1
113 , 1
51 , 7
52 , 7
34 , 4
34 , 5
34 , 6
34 , 7
32 , 6
25 , 9
25 , 10
23 , 12
21 , 13
26 , 10
24 , 12
26 , 11
27 , 11
41 , 4
41 , 5
42 , 5
44 , 2
46 , 1
41 , 6
44 , 3
40 , 6
50 , 7
49 , 7
51 , 8
51 , 9
56 , 7
64 , 3
65 , 4
44 , 4
54 , 6
50 , 9
51 , 10
51 , 11
52 , 11
52 , 12
48 , 7
49 , 9
48 , 9
43 , 5
44 , 5
44 , 6
41 , 7
40 , 7
31 , 6
32 , 7
33 , 7
20 , 14
20 , 15
23 , 13
25 , 12
22 , 13
27 , 12
29 , 7
29 , 8
32 , 8
28 , 12
38 , 2
31 , 8
31 , 9
16 , 10
29 , 12
31 , 10
29 , 13
21 , 15
14 , 10
8 , 5
10 , 6
5 , 4
3 , 3
18 , 12
25 , 13
23 , 14
24 , 14
23 , 15
26 , 13
28 , 13
26 , 14
24 , 15
21 , 16
20 , 16
21 , 17
21 , 18
23 , 16
25 , 15
28 , 14
29 , 14
34 , 8
30 , 14
25 , 16
24 , 16
13 , 10
13 , 11
13 , 12
22 , 18
25 , 17
22 , 19
23 , 19
21 , 19
30 , 15
38 , 3
35 , 8
44 , 7
44 , 8
36 , 8
33 , 8
36 , 9
46 , 2
39 , 7
39 , 8
55 , 7
59 , 2
62 , 2
55 , 8
56 , 8
15 , 10
7 , 5
28 , 15
26 , 17
28 , 16
28 , 17
26 , 18
28 , 18
29 , 18
30 , 18
28 , 19
19 , 16
34 , 9
31 , 18
25 , 18
19 , 17
19 , 18
24 , 19
67 , 4
68 , 4
74 , 3
73 , 3
71 , 2
76 , 4
61 , 2
65 , 5
142 , 3
143 , 3
156 , 1
169 , 4
174 , 5
174 , 6
149 , 4
159 , 2
156 , 2
153 , 2
175 , 6
120 , 1
117 , 4
119 , 1
139 , 3
142 , 4
144 , 4
148 , 5
154 , 2
143 , 4
110 , 2
111 , 2
113 , 2
112 , 2
109 , 6
104 , 4
101 , 6
104 , 5
125 , 4
49 , 10
48 , 10
23 , 20
23 , 21
25 , 19
25 , 20
28 , 20
30 , 19
23 , 22
24 , 22
24 , 23
21 , 20
20 , 20
21 , 21
24 , 24
22 , 22
15 , 11
10 , 7
16 , 11
18 , 18
18 , 19
13 , 13
15 , 12
14 , 13
11 , 7
11 , 8
4 , 4
4 , 5
8 , 6
38 , 8
39 , 9
48 , 11
49 , 11
48 , 12
48 , 13
36 , 10
36 , 11
38 , 9
32 , 18
31 , 19
35 , 11
33 , 18
38 , 10
94 , 3
125 , 5
63 , 3
68 , 5
59 , 3
61 , 3
56 , 9
60 , 3
62 , 3
65 , 6
62 , 4
64 , 6
62 , 5
43 , 8
40 , 9
38 , 11
35 , 12
38 , 12
48 , 14
56 , 10
53 , 12
71 , 3
62 , 6
61 , 6
65 , 7
72 , 3
71 , 4
66 , 7
66 , 8
68 , 6
66 , 9
68 , 7
70 , 4
111 , 3
107 , 6
71 , 5
71 , 6
71 , 7
47 , 14
48 , 15
57 , 10
57 , 11
50 , 11
53 , 13
50 , 12
87 , 7
69 , 7
73 , 4
75 , 4
77 , 4
74 , 4
77 , 5
76 , 5
85 , 6
73 , 5
73 , 6
68 , 8
66 , 10
68 , 9
68 , 10
69 , 10
68 , 11
66 , 11
69 , 11
77 , 6
77 , 7
97 , 6
98 , 6
101 , 7
100 , 7
112 , 3
115 , 2
114 , 2
116 , 4
110 , 6
108 , 7
110 , 7
110 , 8
137 , 3
140 , 3
138 , 4
137 , 4
139 , 4
137 , 5
138 , 5
131 , 2
132 , 2
132 , 3
142 , 5
137 , 6
139 , 5
151 , 3
157 , 2
155 , 2
162 , 1
163 , 2
163 , 3
162 , 3
159 , 3
132 , 4
136 , 6
134 , 2
129 , 1
128 , 2
125 , 6
127 , 3
125 , 7
125 , 8
125 , 9
128 , 3
127 , 4
126 , 9
120 , 2
122 , 3
139 , 6
136 , 7
151 , 4
160 , 3
147 , 5
150 , 4
152 , 4
148 , 6
146 , 5
139 , 7
137 , 7
136 , 8
147 , 6
140 , 7
139 , 8
148 , 7
149 , 7
132 , 5
131 , 5
145 , 5
146 , 6
143 , 5
152 , 5
137 , 8
168 , 5
178 , 4
188 , 1
156 , 3
160 , 4
159 , 4
160 , 5
134 , 3
133 , 5
141 , 7
142 , 7
143 , 7
139 , 9
127 , 9
126 , 10
127 , 10
125 , 10
104 , 6
95 , 3
95 , 4
93 , 3
96 , 6
100 , 8
98 , 7
101 , 8
101 , 9
101 , 10
100 , 10
101 , 11
97 , 7
72 , 7
73 , 7
74 , 7
74 , 8
83 , 6
93 , 4
90 , 5
90 , 6
94 , 4
101 , 12
68 , 12
68 , 13
69 , 13
69 , 14
77 , 8
80 , 2
81 , 2
79 , 3
84 , 6
86 , 7
86 , 8
86 , 9
87 , 9
67 , 13
67 , 14
87 , 10
104 , 7
102 , 12
72 , 8
64 , 7
59 , 4
59 , 5
59 , 6
72 , 9
73 , 9
72 , 10
37 , 12
38 , 13
63 , 7
78 , 8
80 , 3
121 , 3
121 , 4
122 , 4
122 , 5
136 , 9
137 , 9
139 , 10
142 , 8
137 , 10
144 , 7
121 , 5
121 , 6
121 , 7
121 , 8
117 , 5
120 , 8
122 , 8
116 , 5
115 , 5
116 , 6
120 , 9
121 , 9
121 , 10
122 , 10
125 , 11
121 , 11
126 , 11
119 , 9
130 , 5
116 , 7
91 , 6
30 , 20
30 , 21
31 , 21
32 , 21
31 , 22
49 , 15
80 , 4
80 , 5
81 , 5
79 , 8
81 , 6
97 , 8
110 , 9
164 , 4
158 , 4
156 , 4
155 , 4
154 , 4
164 , 5
140 , 10
140 , 11
144 , 8
146 , 7
147 , 7
135 , 9
152 , 6
147 , 8
149 , 8
146 , 8
147 , 9
147 , 10
149 , 9
145 , 8
149 , 10
143 , 8
146 , 10
149 , 11
146 , 11
146 , 12
146 , 13
143 , 9
145 , 13
115 , 7
108 , 8
106 , 6
115 , 8
114 , 8
114 , 9
107 , 8
107 , 9
106 , 9
94 , 5
120 , 11
121 , 12
120 , 12
119 , 12
156 , 5
144 , 13
144 , 14
113 , 9
108 , 9
110 , 10
114 , 10
116 , 8
115 , 10
132 , 6
146 , 14
147 , 14
144 , 15
142 , 9
147 , 15
143 , 15
146 , 15
150 , 11
150 , 12
149 , 12
152 , 7
151 , 12
144 , 16
114 , 11
114 , 12
115 , 12
113 , 12
115 , 13
139 , 11
179 , 5
170 , 4
186 , 3
186 , 4
191 , 7
186 , 5
193 , 4
198 , 4
184 , 1
183 , 2
185 , 5
173 , 6
175 , 7
166 , 4
161 , 5
164 , 6
188 , 2
180 , 5
180 , 6
184 , 5
181 , 6
180 , 7
175 , 8
180 , 8
160 , 6
165 , 6
163 , 6
170 , 5
173 , 7
174 , 8
173 , 8
175 , 9
175 , 10
174 , 10
186 , 6
190 , 7
186 , 7
173 , 10
81 , 7
89 , 6
82 , 7
66 , 14
69 , 15
85 , 9
88 , 10
64 , 8
74 , 9
70 , 15
68 , 15
66 , 15
27 , 20
22 , 23
27 , 21
27 , 22
29 , 21
10 , 8
10 , 9
10 , 10
4 , 6
7 , 6
6 , 6
13 , 14
10 , 11
13 , 15
16 , 12
14 , 15
14 , 16
10 , 12
38 , 14
37 , 14
51 , 12
52 , 13
17 , 19
14 , 17
13 , 17
10 , 13
10 , 14
17 , 20
18 , 20
20 , 21
21 , 23
24 , 25
25 , 25
23 , 25
22 , 25
23 , 26
42 , 8
43 , 9
51 , 13
49 , 16
43 , 10
68 , 16
67 , 16
69 , 16
70 , 16
55 , 10
56 , 11
55 , 11
59 , 7
54 , 13
56 , 12
56 , 13
57 , 13
55 , 13
55 , 14
53 , 14
65 , 15
65 , 16
67 , 17
61 , 7
62 , 7
61 , 8
17 , 21
11 , 14
11 , 15
4 , 7
4 , 8
10 , 15
10 , 16
11 , 16
10 , 17
11 , 17
13 , 18
11 , 18
14 , 18
18 , 21
17 , 22
23 , 27
24 , 27
20 , 23
24 , 28
9 , 17
11 , 19
13 , 19
2 , 4
7 , 7
7 , 8
6 , 8
6 , 9
4 , 9
5 , 9
5 , 10
1 , 4
3 , 9
18 , 22
14 , 19
11 , 20
11 , 21
14 , 20
19 , 23
21 , 25
20 , 25
20 , 26
23 , 28
67 , 18
69 , 17
47 , 15
48 , 16
47 , 16
62 , 8
64 , 16
65 , 17
86 , 10
89 , 10
88 , 11
87 , 11
86 , 11
85 , 11
78 , 9
62 , 9
80 , 8
78 , 10
81 , 8
78 , 11
86 , 12
83 , 7
110 , 11
110 , 12
110 , 13
106 , 10
88 , 12
88 , 13
89 , 13
82 , 8
106 , 11
108 , 10
106 , 12
118 , 12
146 , 16
146 , 17
146 , 18
144 , 17
143 , 17
145 , 18
127 , 11
124 , 11
121 , 13
142 , 17
121 , 14
134 , 9
136 , 10
135 , 10
136 , 11
121 , 15
126 , 12
124 , 12
127 , 12
188 , 3
193 , 5
195 , 2
196 , 3
193 , 6
193 , 7
193 , 8
168 , 6
174 , 11
178 , 5
167 , 6
164 , 7
164 , 8
164 , 9
165 , 9
159 , 6
155 , 5
168 , 7
165 , 10
135 , 11
132 , 7
131 , 7
134 , 11
127 , 13
99 , 10
111 , 13
106 , 13
101 , 13
95 , 6
94 , 6
95 , 7
95 , 8
96 , 8
102 , 13
106 , 14
107 , 14
108 , 14
107 , 15
110 , 14
106 , 15
100 , 13
114 , 13
120 , 15
126 , 13
125 , 13
120 , 16
113 , 13
111 , 14
113 , 14
115 , 14
116 , 14
118 , 13
114 , 14
127 , 14
127 , 15
92 , 6
92 , 7
169 , 7
167 , 7
162 , 6
174 , 12
145 , 19
144 , 19
52 , 14
52 , 15
67 , 19
65 , 18
66 , 19
67 , 20
68 , 20
69 , 20
67 , 21
66 , 21
69 , 21
65 , 21
65 , 22
66 , 22
67 , 22
65 , 23
67 , 23
68 , 23
69 , 23
69 , 24
68 , 24
69 , 25
67 , 24
67 , 25
69 , 26
51 , 15
49 , 17
54 , 14
99 , 13
90 , 13
89 , 14
87 , 13
82 , 9
80 , 9
73 , 10
131 , 8
132 , 8
129 , 5
129 , 6
131 , 9
129 , 7
130 , 9
132 , 9
141 , 17
152 , 12
152 , 13
150 , 13
151 , 13
151 , 14
150 , 14
151 , 15
150 , 15
151 , 16
140 , 17
146 , 19
152 , 16
143 , 19
142 , 19
140 , 18
141 , 19
145 , 20
143 , 20
82 , 10
83 , 10
78 , 12
73 , 11
67 , 26
90 , 14
87 , 14
83 , 11
83 , 12
78 , 13
111 , 15
113 , 15
115 , 15
111 , 16
154 , 5
139 , 18
142 , 20
141 , 20
142 , 21
142 , 22
143 , 22
147 , 19
144 , 22
146 , 20
146 , 21
145 , 22
150 , 16
72 , 11
34 , 18
33 , 21
30 , 22
33 , 22
42 , 10
41 , 10
40 , 10
40 , 11
36 , 14
41 , 11
43 , 11
40 , 12
36 , 15
36 , 16
34 , 22
33 , 23
41 , 12
50 , 17
54 , 15
160 , 7
157 , 5
119 , 16
119 , 17
155 , 6
198 , 5
198 , 6
196 , 4
195 , 4
195 , 5
198 , 7
198 , 8
197 , 8
193 , 9
190 , 8
191 , 8
193 , 10
193 , 11
191 , 9
191 , 10
193 , 12
191 , 11
189 , 8
186 , 8
175 , 12
167 , 8
176 , 12
176 , 13
174 , 13
174 , 14
180 , 9
174 , 15
175 , 15
148 , 19
146 , 22
143 , 23
143 , 24
142 , 24
144 , 24
142 , 25
142 , 26
146 , 23
144 , 25
143 , 26
142 , 27
163 , 9
159 , 7
157 , 6
160 , 8
161 , 8
139 , 19
120 , 17
121 , 17
120 , 18
125 , 14
127 , 16
126 , 16
125 , 16
139 , 20
140 , 20
153 , 16
152 , 17
152 , 18
142 , 28
145 , 25
39 , 14
78 , 14
77 , 14
78 , 15
77 , 15
78 , 16
77 , 16
45 , 8
44 , 11
38 , 15
47 , 17
68 , 26
69 , 27
67 , 27
69 , 28
68 , 28
127 , 17
127 , 18
127 , 19
126 , 19
122 , 17
105 , 15
110 , 16
110 , 17
110 , 18
124 , 16
114 , 15
113 , 16
126 , 20
126 , 21
127 , 21
126 , 22
126 , 23
127 , 23
119 , 18
124 , 17
120 , 19
119 , 19
119 , 20
120 , 20
120 , 21
140 , 21
141 , 28
161 , 9
159 , 8
148 , 20
187 , 8
178 , 6
181 , 9
189 , 9
190 , 11
186 , 9
190 , 12
193 , 13
190 , 13
191 , 13
189 , 13
183 , 5
188 , 13
186 , 10
185 , 10
190 , 14
190 , 15
191 , 15
193 , 14
190 , 16
197 , 9
189 , 16
184 , 10
181 , 10
184 , 11
187 , 13
189 , 17
193 , 15
191 , 16
182 , 10
184 , 12
181 , 11
181 , 12
182 , 12
176 , 15
174 , 16
176 , 16
174 , 17
191 , 17
187 , 14
193 , 16
191 , 18
180 , 12
182 , 13
181 , 13
181 , 14
174 , 18
174 , 19
165 , 11
168 , 8
151 , 18
146 , 25
142 , 29
142 , 30
141 , 30
141 , 31
92 , 8
75 , 9
72 , 12
73 , 12
72 , 13
74 , 12
88 , 14
87 , 15
65 , 24
66 , 27
68 , 29
69 , 29
67 , 29
68 , 30
125 , 23
120 , 22
122 , 18
114 , 16
111 , 18
70 , 29
69 , 30
71 , 29
67 , 30
63 , 16
64 , 24
64 , 25
68 , 31
71 , 30
69 , 31
66 , 30
64 , 26
64 , 27
34 , 23
37 , 16
36 , 17
36 , 18
41 , 13
44 , 12
44 , 13
42 , 13
54 , 16
32 , 23
34 , 24
31 , 23
10 , 21
11 , 22
18 , 23
18 , 24
63 , 27
64 , 28
55 , 16
56 , 16
46 , 17
46 , 18
90 , 15
87 , 16
88 , 16
87 , 17
92 , 9
91 , 15
88 , 17
83 , 13
82 , 13
78 , 17
73 , 13
18 , 25
21 , 26
14 , 21
26 , 25
26 , 26
26 , 27
19 , 26
11 , 23
40 , 14
42 , 14
29 , 22
31 , 24
24 , 29
23 , 29
21 , 27
22 , 29
23 , 30
26 , 28
28 , 22
28 , 23
28 , 24
27 , 28
26 , 29
23 , 31
20 , 27
19 , 27
27 , 29
25 , 29
28 , 29
28 , 30
30 , 24
32 , 24
34 , 25
31 , 25
33 , 25
30 , 25
30 , 26
120 , 23
127 , 24
127 , 25
125 , 24
122 , 19
120 , 24
132 , 10
131 , 10
130 , 10
127 , 26
125 , 25
129 , 10
135 , 12
136 , 12
123 , 19
53 , 16
54 , 17
53 , 17
56 , 17
40 , 15
38 , 16
59 , 8
58 , 13
48 , 17
40 , 16
39 , 16
39 , 17
41 , 16
43 , 14
38 , 17
46 , 19
70 , 31
69 , 32
67 , 31
67 , 32
63 , 28
52 , 17
19 , 28
14 , 22
5 , 11
7 , 9
14 , 23
17 , 25
17 , 26
15 , 23
26 , 30
44 , 14
106 , 16
111 , 19
116 , 15
101 , 14
88 , 18
86 , 17
88 , 19
94 , 8
95 , 9
100 , 14
99 , 14
100 , 15
100 , 16
100 , 17
158 , 8
160 , 9
160 , 10
160 , 11
171 , 5
179 , 12
182 , 14
187 , 15
123 , 20
127 , 27
126 , 27
127 , 28
127 , 29
124 , 25
125 , 27
126 , 29
104 , 15
105 , 16
139 , 21
140 , 31
141 , 32
139 , 31
142 , 32
141 , 33
141 , 34
136 , 13
135 , 13
138 , 31
141 , 35
122 , 20
121 , 24
122 , 24
122 , 25
116 , 16
118 , 20
133 , 11
137 , 31
137 , 32
139 , 32
140 , 35
142 , 35
142 , 36
142 , 37
138 , 32
145 , 26
144 , 26
144 , 27
152 , 19
152 , 20
148 , 21
153 , 20
153 , 21
145 , 27
164 , 11
161 , 11
164 , 12
165 , 12
164 , 13
164 , 14
164 , 15
167 , 9
167 , 10
164 , 16
168 , 10
157 , 8
159 , 11
129 , 11
112 , 19
105 , 17
105 , 18
107 , 16
102 , 14
69 , 33
107 , 17
107 , 18
107 , 19
107 , 20
105 , 19
117 , 20
118 , 21
119 , 24
111 , 20
113 , 19
110 , 20
112 , 20
110 , 21
112 , 21
182 , 15
182 , 16
158 , 11
171 , 6
171 , 7
170 , 7
170 , 8
171 , 8
167 , 11
175 , 19
175 , 20
186 , 15
188 , 17
188 , 18
182 , 17
189 , 18
190 , 18
191 , 19
190 , 19
167 , 12
188 , 19
189 , 19
190 , 20
188 , 20
188 , 21
188 , 22
189 , 22
189 , 23
190 , 23
182 , 18
193 , 17
189 , 24
189 , 25
191 , 23
188 , 25
190 , 25
188 , 26
189 , 26
189 , 27
188 , 27
153 , 22
152 , 22
163 , 16
164 , 17
159 , 12
69 , 34
66 , 32
67 , 33
67 , 34
64 , 29
69 , 35
70 , 35
67 , 35
67 , 36
69 , 36
69 , 37
67 , 37
68 , 37
70 , 37
68 , 38
70 , 38
68 , 39
64 , 30
67 , 39
69 , 39
68 , 40
68 , 41
67 , 41
43 , 15
40 , 17
36 , 19
37 , 19
39 , 18
37 , 20
69 , 41
30 , 27
31 , 27
52 , 18
46 , 20
12 , 23
1 , 5
1 , 6
2 , 9
2 , 10
6 , 11
7 , 11
4 , 11
7 , 12
5 , 12
3 , 11
2 , 11
1 , 11
4 , 12
8 , 17
8 , 18
9 , 21
9 , 22
10 , 23
13 , 23
12 , 24
10 , 24
11 , 24
15 , 24
18 , 28
17 , 28
8 , 22
10 , 25
10 , 26
8 , 23
5 , 13
7 , 23
5 , 14
3 , 12
6 , 23
9 , 26
11 , 26
11 , 27
13 , 24
6 , 24
8 , 26
17 , 29
17 , 30
21 , 29
24 , 31
21 , 30
23 , 32
20 , 30
17 , 31
20 , 31
22 , 32
24 , 32
23 , 33
23 , 34
21 , 32
35 , 25
34 , 26
32 , 27
33 , 27
32 , 28
34 , 27
37 , 21
37 , 22
39 , 19
40 , 19
33 , 28
21 , 33
53 , 18
55 , 17
56 , 18
22 , 34
20 , 33
21 , 34
22 , 35
22 , 36
20 , 34
19 , 34
101 , 17
102 , 17
89 , 19
86 , 18
88 , 20
90 , 19
88 , 21
88 , 22
86 , 19
86 , 20
99 , 17
99 , 18
106 , 20
107 , 21
105 , 20
106 , 21
120 , 25
119 , 25
121 , 25
118 , 25
121 , 26
119 , 26
114 , 19
111 , 21
101 , 18
99 , 19
115 , 19
115 , 20
113 , 21
104 , 20
117 , 25
120 , 26
122 , 26
104 , 21
104 , 22
106 , 22
101 , 19
100 , 19
100 , 20
99 , 20
105 , 22
126 , 30
127 , 30
126 , 31
113 , 22
112 , 22
113 , 23
107 , 22
126 , 32
118 , 26
121 , 27
118 , 27
120 , 27
121 , 28
119 , 27
121 , 29
120 , 29
119 , 29
126 , 33
129 , 12
133 , 12
132 , 12
132 , 13
134 , 13
134 , 14
170 , 9
169 , 10
169 , 11
159 , 13
159 , 14
158 , 14
164 , 18
162 , 16
163 , 18
165 , 18
165 , 19
164 , 19
164 , 20
155 , 7
157 , 14
163 , 20
148 , 22
153 , 23
164 , 21
170 , 11
170 , 12
169 , 12
170 , 13
12 , 27
7 , 26
11 , 28
6 , 26
8 , 27
8 , 28
7 , 28
12 , 28
12 , 29
8 , 29
19 , 35
21 , 36
20 , 36
22 , 37
21 , 37
3 , 13
4 , 14
4 , 15
3 , 15
4 , 16
20 , 37
20 , 38
35 , 27
123 , 26
115 , 21
114 , 23
112 , 23
144 , 28
146 , 27
107 , 23
121 , 30
119 , 30
148 , 23
148 , 24
170 , 14
183 , 18
181 , 18
181 , 19
188 , 28
190 , 27
189 , 28
188 , 29
191 , 27
191 , 28
190 , 28
188 , 30
190 , 29
188 , 31
188 , 32
190 , 30
188 , 33
188 , 34
190 , 31
189 , 34
193 , 18
198 , 9
196 , 9
190 , 34
189 , 35
189 , 36
190 , 36
174 , 20
175 , 21
174 , 21
175 , 22
153 , 24
152 , 24
146 , 28
146 , 29
138 , 33
178 , 12
178 , 13
169 , 14
167 , 13
169 , 15
169 , 16
170 , 16
196 , 10
197 , 10
175 , 23
181 , 20
181 , 21
181 , 22
140 , 36
142 , 38
140 , 37
141 , 38
141 , 39
126 , 34
127 , 34
126 , 35
82 , 14
92 , 15
84 , 13
105 , 23
101 , 20
102 , 20
102 , 21
100 , 21
105 , 24
117 , 27
118 , 30
121 , 31
126 , 36
127 , 36
141 , 40
138 , 34
137 , 34
140 , 40
141 , 41
141 , 42
140 , 42
141 , 43
140 , 43
140 , 44
140 , 45
140 , 46
140 , 47
138 , 35
142 , 43
138 , 36
137 , 36
138 , 37
141 , 47
140 , 48
140 , 49
141 , 49
141 , 50
138 , 38
138 , 39
137 , 39
138 , 40
137 , 40
127 , 37
127 , 38
119 , 31
125 , 36
127 , 39
125 , 37
127 , 40
100 , 22
105 , 25
104 , 25
105 , 26
105 , 27
83 , 14
75 , 12
74 , 13
83 , 15
83 , 16
90 , 20
89 , 22
86 , 21
86 , 22
86 , 23
89 , 23
86 , 24
88 , 23
80 , 10
74 , 14
61 , 9
61 , 10
57 , 18
24 , 34
32 , 29
33 , 29
27 , 30
21 , 38
2 , 15
4 , 17
3 , 17
10 , 28
11 , 29
10 , 29
11 , 30
11 , 31
7 , 29
8 , 30
11 , 32
14 , 24
5 , 26
24 , 35
24 , 36
5 , 27
7 , 30
10 , 32
11 , 33
11 , 34
18 , 35
20 , 39
22 , 38
22 , 39
21 , 39
9 , 32
12 , 34
63 , 30
63 , 31
64 , 31
66 , 41
67 , 42
68 , 42
68 , 43
67 , 43
67 , 44
68 , 44
68 , 45
69 , 45
69 , 46
67 , 45
68 , 46
48 , 18
47 , 20
39 , 20
37 , 23
36 , 27
37 , 27
37 , 28
47 , 21
48 , 21
87 , 24
83 , 17
83 , 18
90 , 23
90 , 24
84 , 18
82 , 18
63 , 32
34 , 29
70 , 46
70 , 47
69 , 47
69 , 48
67 , 46
11 , 35
12 , 35
7 , 31
9 , 33
5 , 28
7 , 32
10 , 35
26 , 31
25 , 36
17 , 35
10 , 36
18 , 36
14 , 25
15 , 25
13 , 35
7 , 33
13 , 36
11 , 36
18 , 37
10 , 37
13 , 37
10 , 38
13 , 38
10 , 39
11 , 39
11 , 40
13 , 39
17 , 37
67 , 47
67 , 48
101 , 22
101 , 23
100 , 23
134 , 15
130 , 12
134 , 16
139 , 49
141 , 51
139 , 50
141 , 52
112 , 24
101 , 24
105 , 28
101 , 25
114 , 24
108 , 23
111 , 24
110 , 24
117 , 30
119 , 32
104 , 28
104 , 29
110 , 25
108 , 24
107 , 24
126 , 40
117 , 31
118 , 32
126 , 41
126 , 42
111 , 25
112 , 25
119 , 33
117 , 32
118 , 33
117 , 33
120 , 33
117 , 34
121 , 33
119 , 34
121 , 34
114 , 25
115 , 25
115 , 26
115 , 27
118 , 34
127 , 42
126 , 43
127 , 43
86 , 25
90 , 25
90 , 26
88 , 24
90 , 27
99 , 23
104 , 30
105 , 30
104 , 31
105 , 31
104 , 32
105 , 32
107 , 25
113 , 25
113 , 26
111 , 26
124 , 37
124 , 38
117 , 35
176 , 23
154 , 24
153 , 25
153 , 26
154 , 26
154 , 27
152 , 26
152 , 27
154 , 28
154 , 29
154 , 30
154 , 31
143 , 43
154 , 32
154 , 33
167 , 14
192 , 28
176 , 24
175 , 24
181 , 23
181 , 24
181 , 25
127 , 44
126 , 44
115 , 28
114 , 28
115 , 29
81 , 18
84 , 19
82 , 19
84 , 20
82 , 20
87 , 25
87 , 26
89 , 27
90 , 28
45 , 20
160 , 14
158 , 15
178 , 14
173 , 21
148 , 25
148 , 26
146 , 30
144 , 43
144 , 44
144 , 45
143 , 45
144 , 46
140 , 52
140 , 53
141 , 53
141 , 54
143 , 46
115 , 30
114 , 30
118 , 35
121 , 35
120 , 35
124 , 39
118 , 36
123 , 39
121 , 36
121 , 37
118 , 37
121 , 38
118 , 38
114 , 31
114 , 32
117 , 38
120 , 38
143 , 47
185 , 15
178 , 15
178 , 16
180 , 25
180 , 26
183 , 19
178 , 17
182 , 25
183 , 25
179 , 26
163 , 21
164 , 22
183 , 26
190 , 37
166 , 19
179 , 27
180 , 27
182 , 26
180 , 28
183 , 27
181 , 28
178 , 27
184 , 27
179 , 28
182 , 28
184 , 28
184 , 29
180 , 29
181 , 29
178 , 28
176 , 25
164 , 23
164 , 24
134 , 17
133 , 17
135 , 17
134 , 18
134 , 19
128 , 44
126 , 45
130 , 13
131 , 13
129 , 44
125 , 45
128 , 45
18 , 38
21 , 40
76 , 16
75 , 16
73 , 14
84 , 21
46 , 21
50 , 18
41 , 19
39 , 21
40 , 21
17 , 38
20 , 40
20 , 41
18 , 39
18 , 40
28 , 31
29 , 31
36 , 28
30 , 31
27 , 31
34 , 30
29 , 32
30 , 32
32 , 30
30 , 33
34 , 31
30 , 34
30 , 35
35 , 31
30 , 36
29 , 36
22 , 40
22 , 41
20 , 42
27 , 32
32 , 31
25 , 37
12 , 40
18 , 41
17 , 41
17 , 42
9 , 39
11 , 41
10 , 41
11 , 42
11 , 43
10 , 43
26 , 37
19 , 42
22 , 42
22 , 43
22 , 44
23 , 44
21 , 44
22 , 45
23 , 45
22 , 46
22 , 47
21 , 47
21 , 48
23 , 47
21 , 49
21 , 50
23 , 48
22 , 50
20 , 50
21 , 51
33 , 31
32 , 32
32 , 33
35 , 32
34 , 32
56 , 19
56 , 20
58 , 18
45 , 21
46 , 22
36 , 32
32 , 34
12 , 43
12 , 44
12 , 45
23 , 50
23 , 51
23 , 52
21 , 52
12 , 46
10 , 44
12 , 47
20 , 52
20 , 53
21 , 53
23 , 53
23 , 54
23 , 55
93 , 15
93 , 16
96 , 9
96 , 10
97 , 10
95 , 10
97 , 11
97 , 12
97 , 13
92 , 16
91 , 28
89 , 28
91 , 29
89 , 29
106 , 32
118 , 39
127 , 45
129 , 45
128 , 46
129 , 46
120 , 39
120 , 40
123 , 40
121 , 40
117 , 39
120 , 41
124 , 45
126 , 46
124 , 46
129 , 47
129 , 48
127 , 46
37 , 32
32 , 35
29 , 37
30 , 37
57 , 20
58 , 20
34 , 33
36 , 33
37 , 33
37 , 34
35 , 33
33 , 35
34 , 35
32 , 36
31 , 37
28 , 37
25 , 38
28 , 38
28 , 39
31 , 38
28 , 40
32 , 38
28 , 41
28 , 42
31 , 39
36 , 34
32 , 39
30 , 39
33 , 39
33 , 40
9 , 44
10 , 45
4 , 28
7 , 34
7 , 35
7 , 36
4 , 29
5 , 29
4 , 30
5 , 30
3 , 30
5 , 31
7 , 37
7 , 38
94 , 16
113 , 32
113 , 33
114 , 33
106 , 33
85 , 25
85 , 26
90 , 29
87 , 27
89 , 30
87 , 28
82 , 21
82 , 22
59 , 20
57 , 21
59 , 21
50 , 19
47 , 22
49 , 21
50 , 21
59 , 22
53 , 19
56 , 21
57 , 22
57 , 23
56 , 23
57 , 24
115 , 33
123 , 46
123 , 47
127 , 47
129 , 49
126 , 47
123 , 48
126 , 48
127 , 48
126 , 49
114 , 34
115 , 34
110 , 26
111 , 27
112 , 33
113 , 34
106 , 34
114 , 35
120 , 42
107 , 34
107 , 35
114 , 36
114 , 37
113 , 37
102 , 25
100 , 25
99 , 25
102 , 26
101 , 26
102 , 27
92 , 29
98 , 25
99 , 26
101 , 27
99 , 27
110 , 27
105 , 34
107 , 36
114 , 38
114 , 39
117 , 40
120 , 43
127 , 49
125 , 49
125 , 50
126 , 50
129 , 50
129 , 51
129 , 52
126 , 51
123 , 49
121 , 43
114 , 40
134 , 20
140 , 54
116 , 40
117 , 41
129 , 53
148 , 27
146 , 31
146 , 32
154 , 34
154 , 35
164 , 25
164 , 26
134 , 21
142 , 54
142 , 55
146 , 33
138 , 50
124 , 50
124 , 51
123 , 51
124 , 52
125 , 52
126 , 52
127 , 52
126 , 53
123 , 52
126 , 54
124 , 53
124 , 54
126 , 55
127 , 55
129 , 54
124 , 55
128 , 55
123 , 55
107 , 37
114 , 41
120 , 44
120 , 45
118 , 41
118 , 42
116 , 41
112 , 37
67 , 49
70 , 48
70 , 49
70 , 50
70 , 51
67 , 50
70 , 52
22 , 55
23 , 56
22 , 56
23 , 57
20 , 54
83 , 22
51 , 21
51 , 22
40 , 22
71 , 52
67 , 51
67 , 52
71 , 53
71 , 54
155 , 35
154 , 36
155 , 36
155 , 37
140 , 55
142 , 56
142 , 57
141 , 57
116 , 42
105 , 35
107 , 38
94 , 17
88 , 30
85 , 27
95 , 17
95 , 18
44 , 21
47 , 23
49 , 22
52 , 22
48 , 23
47 , 24
54 , 19
57 , 25
84 , 27
86 , 28
84 , 28
82 , 23
78 , 18
76 , 17
62 , 32
68 , 52
70 , 54
67 , 53
70 , 55
91 , 30
181 , 30
179 , 29
174 , 24
176 , 26
174 , 25
173 , 25
173 , 26
172 , 26
176 , 27
183 , 29
180 , 30
183 , 30
173 , 27
176 , 28
174 , 27
144 , 47
154 , 37
155 , 38
155 , 39
154 , 39
197 , 11
197 , 12
197 , 13
197 , 14
193 , 28
163 , 26
164 , 27
144 , 48
139 , 55
94 , 18
95 , 19
99 , 28
99 , 29
98 , 29
92 , 30
90 , 30
92 , 31
93 , 31
88 , 31
90 , 31
87 , 31
92 , 32
93 , 32
98 , 30
113 , 41
135 , 21
135 , 22
131 , 14
171 , 26
174 , 28
171 , 27
165 , 27
153 , 39
155 , 40
155 , 41
154 , 41
153 , 41
155 , 42
155 , 43
153 , 42
141 , 58
155 , 44
153 , 43
153 , 44
155 , 45
153 , 45
153 , 46
177 , 28
177 , 29
179 , 30
178 , 30
177 , 30
179 , 31
181 , 31
191 , 37
188 , 36
183 , 31
183 , 32
184 , 32
180 , 31
184 , 33
179 , 32
181 , 32
178 , 32
176 , 30
178 , 33
179 , 33
149 , 27
149 , 28
149 , 29
149 , 30
149 , 31
149 , 32
158 , 16
159 , 16
161 , 16
108 , 38
70 , 56
67 , 54
68 , 54
102 , 28
90 , 32
88 , 32
90 , 33
93 , 33
91 , 33
91 , 34
88 , 33
88 , 34
90 , 34
88 , 35
88 , 36
99 , 30
101 , 28
102 , 29
110 , 28
100 , 30
98 , 31
100 , 31
100 , 32
107 , 39
118 , 43
114 , 42
114 , 43
116 , 43
114 , 44
114 , 45
106 , 39
99 , 32
115 , 45
114 , 46
114 , 47
116 , 45
54 , 20
50 , 22
76 , 18
73 , 15
87 , 36
87 , 37
92 , 34
92 , 35
88 , 37
87 , 38
99 , 33
105 , 39
105 , 40
105 , 41
106 , 41
105 , 42
111 , 37
112 , 41
111 , 41
108 , 39
111 , 42
111 , 43
112 , 43
131 , 15
156 , 45
153 , 47
153 , 48
85 , 28
102 , 30
104 , 42
104 , 43
50 , 23
52 , 23
33 , 41
31 , 40
30 , 40
30 , 41
26 , 38
29 , 42
30 , 42
29 , 43
28 , 43
28 , 44
35 , 35
37 , 35
36 , 35
36 , 36
35 , 36
35 , 37
34 , 41
35 , 41
37 , 36
35 , 42
35 , 43
33 , 42
3 , 31
6 , 38
12 , 48
11 , 48
12 , 49
49 , 23
50 , 24
51 , 24
53 , 23
48 , 24
58 , 25
56 , 25
53 , 24
47 , 25
46 , 25
46 , 26
57 , 26
58 , 26
57 , 27
63 , 33
62 , 33
37 , 37
47 , 26
49 , 24
52 , 24
52 , 25
44 , 22
44 , 23
46 , 27
49 , 25
49 , 26
49 , 27
49 , 28
47 , 27
46 , 28
45 , 28
89 , 37
91 , 35
92 , 36
120 , 46
124 , 56
124 , 57
116 , 46
2 , 31
3 , 32
4 , 32
5 , 38
23 , 58
93 , 36
99 , 34
100 , 34
99 , 35
99 , 36
100 , 36
47 , 28
46 , 29
45 , 29
46 , 30
49 , 29
45 , 30
47 , 30
25 , 39
33 , 43
34 , 43
33 , 44
28 , 45
31 , 42
48 , 30
45 , 31
49 , 30
58 , 27
49 , 31
49 , 32
48 , 32
48 , 33
47 , 33
45 , 32
45 , 33
39 , 22
39 , 23
39 , 24
39 , 25
40 , 25
55 , 25
55 , 26
55 , 27
50 , 32
37 , 38
37 , 39
36 , 43
36 , 44
36 , 45
36 , 46
28 , 46
32 , 44
32 , 45
29 , 46
30 , 46
102 , 31
102 , 32
94 , 36
165 , 28
165 , 29
136 , 40
136 , 41
137 , 50
128 , 56
129 , 56
137 , 51
119 , 46
122 , 55
121 , 55
121 , 56
128 , 57
128 , 58
124 , 58
123 , 58
124 , 59
124 , 60
124 , 61
130 , 56
116 , 47
115 , 47
118 , 46
119 , 47
106 , 42
105 , 43
100 , 37
92 , 37
89 , 38
128 , 59
128 , 60
126 , 56
125 , 61
125 , 62
123 , 61
124 , 62
124 , 63
115 , 48
120 , 56
185 , 33
185 , 34
132 , 17
132 , 18
134 , 22
132 , 19
118 , 47
114 , 48
118 , 48
116 , 48
116 , 49
176 , 31
156 , 46
133 , 22
144 , 49
138 , 55
139 , 56
140 , 58
139 , 58
139 , 59
123 , 63
131 , 56
126 , 62
124 , 64
125 , 64
139 , 60
191 , 38
189 , 37
188 , 37
185 , 35
182 , 32
182 , 33
178 , 34
177 , 34
178 , 35
174 , 29
174 , 30
171 , 28
182 , 34
182 , 35
181 , 35
181 , 36
179 , 35
176 , 34
176 , 35
176 , 36
178 , 36
176 , 37
167 , 19
167 , 20
166 , 29
165 , 30
164 , 30
166 , 30
172 , 28
160 , 16
160 , 17
168 , 20
175 , 37
176 , 38
178 , 37
179 , 37
179 , 38
179 , 39
149 , 33
96 , 19
120 , 57
121 , 57
122 , 63
122 , 64
125 , 65
126 , 65
123 , 64
122 , 65
124 , 65
125 , 66
123 , 65
130 , 57
127 , 65
126 , 66
123 , 66
125 , 67
128 , 65
174 , 37
177 , 38
178 , 39
178 , 40
178 , 41
176 , 39
177 , 41
176 , 41
174 , 38
176 , 42
144 , 50
139 , 61
172 , 29
167 , 30
162 , 26
165 , 31
164 , 31
166 , 31
167 , 31
65 , 41
62 , 34
43 , 23
40 , 26
43 , 24
39 , 26
39 , 27
40 , 27
47 , 34
49 , 33
48 , 34
50 , 33
48 , 35
45 , 34
54 , 27
52 , 26
55 , 28
51 , 33
48 , 36
35 , 46
35 , 47
29 , 47
7 , 39
7 , 40
6 , 40
7 , 41
7 , 42
6 , 42
9 , 45
7 , 43
35 , 48
35 , 49
32 , 46
34 , 49
36 , 49
35 , 50
32 , 47
28 , 47
36 , 50
36 , 51
35 , 51
36 , 52
31 , 47
17 , 43
18 , 43
11 , 49
7 , 44
10 , 49
6 , 44
18 , 44
19 , 54
20 , 55
19 , 55
13 , 49
17 , 44
17 , 45
10 , 50
12 , 50
11 , 50
13 , 50
13 , 51
22 , 58
20 , 56
20 , 57
22 , 59
20 , 58
19 , 58
22 , 60
23 , 60
19 , 59
19 , 60
23 , 61
20 , 60
20 , 61
24 , 61
24 , 62
23 , 62
24 , 63
23 , 63
22 , 63
24 , 64
19 , 61
33 , 49
30 , 47
31 , 48
27 , 47
27 , 48
29 , 48
41 , 27
39 , 28
39 , 29
41 , 28
26 , 48
27 , 49
33 , 50
34 , 51
34 , 52
35 , 52
34 , 53
31 , 49
35 , 53
35 , 54
28 , 49
20 , 62
20 , 63
37 , 52
6 , 45
6 , 46
7 , 46
11 , 51
13 , 52
35 , 55
36 , 55
34 , 55
35 , 56
33 , 55
27 , 50
21 , 63
24 , 65
20 , 64
20 , 65
24 , 66
22 , 64
19 , 65
20 , 66
22 , 65
23 , 66
20 , 67
21 , 67
22 , 67
21 , 68
96 , 20
132 , 56
141 , 59
127 , 66
125 , 68
125 , 69
127 , 67
117 , 49
115 , 49
114 , 49
116 , 50
99 , 37
94 , 37
94 , 38
87 , 39
88 , 39
94 , 39
93 , 39
94 , 40
108 , 40
105 , 44
108 , 41
104 , 44
106 , 44
107 , 44
107 , 45
112 , 44
113 , 49
114 , 50
118 , 49
69 , 56
67 , 55
100 , 38
91 , 37
98 , 37
100 , 39
133 , 56
137 , 55
131 , 57
139 , 62
132 , 57
137 , 56
141 , 60
139 , 63
139 , 64
139 , 65
141 , 61
140 , 65
140 , 66
129 , 65
105 , 45
99 , 39
135 , 41
136 , 56
137 , 57
136 , 57
138 , 65
138 , 66
139 , 66
138 , 67
127 , 68
114 , 51
116 , 51
105 , 46
107 , 46
106 , 46
99 , 40
37 , 55
37 , 56
6 , 47
12 , 52
11 , 52
12 , 53
18 , 65
19 , 67
22 , 68
23 , 68
24 , 68
22 , 69
23 , 69
12 , 54
12 , 55
12 , 56
12 , 57
12 , 58
20 , 68
22 , 70
23 , 70
24 , 70
18 , 67
18 , 68
20 , 69
18 , 69
19 , 69
20 , 70
19 , 70
21 , 70
21 , 71
35 , 57
33 , 56
29 , 49
26 , 50
27 , 51
32 , 56
27 , 52
27 , 53
30 , 49
29 , 50
26 , 53
26 , 54
26 , 55
17 , 69
18 , 70
18 , 71
17 , 71
20 , 71
23 , 71
23 , 72
21 , 72
23 , 73
19 , 71
22 , 73
22 , 74
22 , 75
17 , 72
19 , 72
19 , 73
19 , 74
20 , 74
20 , 75
16 , 72
37 , 57
24 , 73
23 , 75
23 , 76
20 , 76
6 , 48
71 , 56
67 , 56
68 , 56
78 , 19
78 , 20
78 , 21
85 , 29
85 , 30
